


0   500 5   5
4
10
5


7 30
data/piezas1
1 rojo.bmp
1 verde.bmp
1 azul.bmp
1 naranja.bmp
1 amarillo.bmp
1 violeta.bmp
1 cyan.bmp

0 0
410 610 5
0 0 255
255 255 255

0 410
100 610 5
255 0 0
183 246 255

Tetris-MP2

data/fuentes/Disko.ttf
25
0
255 0 0
0 510
200 100 5
0 0 255
0 0 0


data/fuentes/Astrolyte.ttf
20
0
255 255 0
100 510
200 100 5
0 0 255
0 0 0

data/fuentes/Astrolyte.ttf
20
0
255 255 0
200 510
200 100 5
0 0 255
0 0 0

data/fuentes/Astrolyte.ttf
20
0
255 255 0
300 510
200 100 5
0 0 255
0 0 0

data/fuentes/Astrolyte.ttf
20
0
255 255 0
400 510
200 100 5
0 0 255
0 0 0

data/fuentes/DottyShadow.ttf
25
0
255 0 0
500 510
200 100 5
0 0 255
0 0 0


7

1 4
7 7 7 7

2 3
3 0 0
3 3 3

2 3
0 0 4
4 4 4

2 2
5 5
5 5

2 3
0 2 2
2 2 0

2 3
0 6 0
6 6 6

2 3
1 1 0
0 1 1


30 20
0 0 0 0 0 0 0 0 0 0 0 0 0 0 0 0 0 0 0 0
0 0 0 0 0 0 0 0 0 0 0 0 0 0 0 0 0 0 0 0
0 0 0 0 0 0 0 0 0 0 0 0 0 0 0 0 0 0 0 0
0 0 0 0 0 0 0 0 0 0 0 0 0 0 0 0 0 0 0 0
0 0 0 0 0 0 0 0 0 0 0 0 0 0 0 0 0 0 0 0
0 0 0 0 0 0 0 0 0 0 0 0 0 0 0 0 0 0 0 0
0 0 0 0 0 0 0 0 0 0 0 0 0 0 0 0 0 0 0 0
0 0 0 0 0 0 0 0 0 0 0 0 0 0 0 0 0 0 0 0
0 0 0 0 0 0 0 0 0 0 0 0 0 0 0 0 0 0 0 0
0 0 0 0 0 0 0 0 0 0 0 0 0 0 0 0 0 0 0 0
0 0 0 0 0 0 0 0 0 0 0 0 0 0 0 0 0 0 0 0
0 0 0 0 0 0 0 0 0 0 0 0 0 0 0 0 0 0 0 0
0 0 0 0 0 0 0 0 0 0 0 0 0 0 0 0 0 0 0 0
0 0 0 0 0 0 0 0 0 0 0 0 0 0 0 0 0 0 0 0
0 0 0 0 0 0 0 0 0 0 0 0 0 0 0 0 0 0 0 0
0 0 0 0 0 0 0 0 0 0 0 0 0 0 0 0 0 0 0 0
0 0 0 0 0 0 0 0 0 0 0 0 0 0 0 0 0 0 0 0
0 0 0 0 0 0 0 0 0 0 0 0 0 0 0 0 0 0 0 0
0 0 0 0 0 0 0 0 0 0 0 0 0 0 0 0 0 0 0 0
0 0 0 0 0 0 0 0 0 0 0 0 0 0 0 0 0 0 0 0
0 0 0 0 0 0 0 0 0 0 0 0 0 0 0 0 0 0 0 0
0 0 0 0 0 1 2 3 4 5 5 4 3 2 1 0 0 0 0 0
0 0 0 0 0 0 0 0 0 0 0 0 0 0 0 0 0 0 0 0
0 0 0 0 0 0 0 0 0 0 0 0 0 0 0 0 0 0 0 0
0 0 0 0 0 0 0 0 0 0 0 0 0 0 0 0 0 0 0 0
0 0 0 0 0 0 0 0 0 0 0 0 0 0 0 0 0 0 0 0
0 0 0 0 0 0 0 0 0 0 0 0 0 0 0 0 0 0 0 0
0 0 0 0 0 0 0 0 0 0 0 0 0 0 0 0 0 0 0 0
0 0 0 0 0 0 0 0 0 0 0 0 0 0 0 0 0 0 0 0
0 0 0 0 0 0 0 0 0 0 0 0 0 0 0 0 0 0 0 0
